O 0,0 0,1 0,2 0,3 0,4
O 0,0 1,0 2,0 3,0 4,0

P 0,0 1,0 2,0 0,1 1,1
P 0,0 0,1 0,2 1,2 1,1
P 0,1 1,0 1,-1 2,-1 2,0
P 0,0 1,0 0,1 1,1 1,2
P 0,0 0,1 0,2 1,0 1,1
P 0,0 1,0 0,1 1,1 2,1
P 0,1 0,1 1,1 1,0 1,-1
P 0,0 1,0 2,0 1,1 2,1

Q 0,0 0,1 0,2 0,3 1,3
Q 0,1 1,0 2,0 3,0 3,-1
Q 0,0 1,0 1,1 1,2 1,3
Q 0,0 1,0 2,0 3,0 0,1
Q 0,0 1,0 2,0 3,0 3,1
Q 0,0 0,1 0,2 0,3 1,0
Q 0,0 0,1 1,1 2,1 3,1
Q 0,3 1,0 1,-1 1,-2 1,-3

R 0,1 1,0 1,1 1,-1 2,-1
R 0,0 0,1 1,1 1,2 2,1
R 0,2 1,0 1,-1 1,-2 2,-1
R 0,1 1,0 1,-1 2,0 2,1
R 0,0 1,0 1,1 1,2 2,1
R 0,1 1,0 2,0 1,-1 0,1
R 0,1 1,0 1,-1 1,1 2,1
R 0,1 1,0 2,0 1,1 2,-1

S 0,1 1,0 2,0 2,-1 3,-1
S 0,0 0,1 1,1 1,2 1,3
S 0,1 1,0 1,-1 2,-1 3,-1
S 0,0 0,1 0,2 1,2 1,3
S 0,1 0,1 0,2 1,0 1,-1
S 0,0 1,0 1,1 2,1 3,1
S 0,2 0,1 1,0 1,-1 1,-2
S 0,0 1,0 2,0 2,1 3,1

T 0,0 1,0 2,0 1,1 1,2
T 0,0 0,1 0,2 1,1 2,1
T 0,2 1,0 1,-1 1,-2 2,0
T 0,1 1,0 2,0 2,1 2,-1

U 0,0 0,1 1,1 2,1 2,0
U 0,0 1,0 1,1 1,2 0,2
U 0,0 1,0 2,0 0,1 2,1
U 0,0 0,1 0,2 1,0 1,2

V 0,0 0,1 0,2 1,2 2,2
V 0,2 1,0 2,0 2,-1 2,-2
V 0,0 1,0 2,0 2,1 2,2
V 0,0 0,1 0,2 1,0 2,0

W 0,0 0,1 1,1 1,2 2,2
W 0,2 1,0 1,-1 2,-1 2,-2
W 0,0 1,0 1,1 2,1 2,2
W 0,1 0,1 1,0 1,-1 2,-1

X 0,1 1,0 1,-1 2,0 1,1

Y 0,0 0,1 0,2 1,2 0,3
Y 0,1 1,0 2,0 3,0 2,-1
Y 0,1 1,-1 1,0 1,1 1,2
Y 0,0 1,0 2,0 3,0 1,1
Y 0,0 1,0 2,0 3,0 2,1
Y 0,0 0,1 0,2 0,3 1,1
Y 0,1 1,0 2,0 3,0 1,-1
Y 0,2 1,1 1,0 1,-1 1,-2

Z 0,0 1,0 1,1 1,2 2,2
Z 0,1 0,1 1,0 2,0 2,-1
Z 0,2 1,0 1,-1 1,-2 2,-2
Z 0,0 0,1 1,1 2,1 2,2